learning_rate : 0.00019926073523323485
batch_size : 4
num_epochs : 22
weight_decay : 2.0270707719941256e-05
num_layers : 6
dropout : 0.40494459612269335
se_reduction : 5
hidden_dim_min : 4
base_loss : 'huber'
huber_delta : 0.06512993867786668
focal_gamma : 2.3319008846416085
n_bins : 14
scheduler_patience : 3
scheduler_factor : 0.36298199359742445
early_stopping_patience : 4
