learning_rate : 0.00032197827647188076
batch_size : 6
num_epochs : 20
weight_decay : 0.00017909746532700484
num_layers : 2
dropout : 0.3257582305329585
se_reduction : 5
hidden_dim_min : 5
base_loss : 'huber'
huber_delta : 0.11604413319809123
focal_gamma : 2.6180173824310518
n_bins : 10
scheduler_patience : 2
scheduler_factor : 0.5491628937770906
early_stopping_patience : 7
