learning_rate : 0.0005516856707508433
batch_size : 4
num_epochs : 14
weight_decay : 0.0007782956577174175
num_layers : 7
dropout : 0.4042154924389091
se_reduction : 4
hidden_dim_min : 11
base_loss : 'huber'
huber_delta : 0.10348155508077449
focal_gamma : 2.304350856101485
n_bins : 10
