learning_rate : 0.0018369034509613442
batch_size : 4
num_epochs : 12
weight_decay : 0.007835689724071265
num_layers : 4
dropout : 0.20802299357881857
se_reduction : 3
hidden_dim_min : 2
base_loss : 'huber'
huber_delta : 0.056452862280930896
focal_gamma : 2.3649078122742937
n_bins : 7
scheduler_patience : 2
scheduler_factor : 0.6397397974371114
early_stopping_patience : 8
