learning_rate : 0.00010031068555179627
batch_size : 4
num_epochs : 23
weight_decay : 2.9538646784113017e-05
num_layers : 3
dropout : 0.23416626857776196
se_reduction : 6
hidden_dim_min : 13
base_loss : 'huber'
huber_delta : 0.08561861909432897
focal_gamma : 1.3185985073893693
n_bins : 13
scheduler_patience : 4
scheduler_factor : 0.43198420944350174
early_stopping_patience : 5
