learning_rate : 0.0014309323651807086
batch_size : 4
num_epochs : 30
weight_decay : 0.004771587471653592
depth_complex : 3
depth_moderate : 4
depth_simple : 1
dropout : 0.3739860514488121
se_reduction : 6
hidden_dim_min : 4
base_loss : 'huber'
huber_delta : 0.07583418438994234
focal_gamma : 2.232660448508375
n_bins : 9
scheduler_patience : 2
scheduler_factor : 0.5903610082320528
early_stopping_patience : 7
